283943646
30804371
20807195
273911466
223470352
19196704
270187310
19163954
291610684
230664629
214755563
259132426
31000668
265498043
189186505
280239133
32821122
515538156
232673138
31426115
188957455
302939462
594451909
19424502
276599240
292618808
330470191
215884057
29597515
376010718
17802126
232860630
38283119
40172102
55842253
10035993
331953860
275274900
431334206
9457682
307076936
44202583
186765517
308880937
9496574
358319201
267820787
289353280
43643224
48619983
254828875
257746681
334340481
38803824
240827843
651771397
199780191
44850306
223174904
604191911
42412793
244007441
330585695
322124558
382092167
405383332
349837658
186716476
211858802
385323405
483542963
232299622
239195139
37667933
15811798
249845473
20024430
248727293
214194715
190807048
44957109
200116024
53081681
301269109
429808890
297079451
320162766
341416445
22756453
48339567
365419143
9418563
413041225
255796720
245022836
187263178
44092436
211302840
243877578
197942012
294707984
143665745
376307064
252128781
26417548
214540071
203830761
214498620
31030771
640099518
395931651
389684221
273616709
236604447
328916168
587862286
184095437
215027374
236908468
183847002
241731463
182235870
32372872
486803814
349224000
369377207
371439511
785237654
262938049
454116311
33617564
289424534
278688064
178921087
188498160
302340213
43682609
319081845
35060633
301247457
189386075
381875687
26179792
292946047
194075267
287648948
219998381
330998213
55393177
419968377
30712400
52937955
15907172
313072192
541876310
247370599
206230272
421505787
409545941
29844828
27171232
359903506
239026521
53306205
212297958
215930659
359171616
245576562
55533812
24731363
270504920
444184004
31686124
41586527
42306378
223194018
204044122
27764096
261303052
236385141
410853061
26505554
318545958
50915976
206530676
26033900
34836340
323451429
322433900
143598380
353189473
189515260
351891383
453990864
539608009
8736234
867520515
209601122
322880872
246103409
188046047
306863261
194512861
32122070
372871800
397887677
282242110
36532112
244142487
192102648
372401901
270634112
308234451
292255940
294612643
571922645
6143655
277481879
54452446
182984697
224382068
295945163
26695028
16053076
19700470
279245002
55801974
18163568
341144433
231878984
36683328
294665887
280842718
217144439
254299564
212627639
418822334
291616014
363849071
185002965
1796167
261734363
196601291
310099697
267824716
