31714300
404249780
285071360
275536486
346970052
13353459
177265798
55565758
252160262
346866161
309037831
24628647
334379313
40881521
209788570
41829938
333939581
8411172
370736234
52295177
193430765
406649865
37906579
412574305
2240393
296023917
145230671
387570520
179377527
306320346
12125338
225231835
295881953
273657349
249254284
196914883
245630337
225709805
271510126
244425914
296915300
203825964
18325383
177336210
300667744
43789958
361842059
375763712
144733827
36076075
366271223
241684344
275315074
177378185
257811852
245147740
176599354
2270646
418826188
211853756
245150436
345828146
2654852
18219567
30763122
554894059
316201406
225986757
256753198
237984174
315960277
505994828
233084442
250131284
441011394
256871615
284746583
15338709
426621629
313055651
261593706
387874769
499702747
222353260
271395246
251864239
436581621
11580056
264768584
481934976
196025841
415010999
32434565
3631316
310722657
456413766
572042071
362848014
30108963
7899560
180367663
320212584
556980326
174325320
323039170
40683762
192942100
264867255
557615740
306406682
192738449
33694684
185367955
13878531
11947826
179135497
471105620
376155529
