1654577138
1529352111
179910197
7059073475
1339687164
4616270402
6028787038
513856680
2069774818
1453054247
2133620735
1208073075
450825553
3637779654
1157581126
255153652
1506463991
310138173
1364578570
279006401
475749105
322610067
1401086923
298597582
337916168
1544324059
1434235584
1375919410
1805817689
1688465798
2950030204
376035053
256933203
566218141
410194512
4185832068
308122368
1402688324
627333070
550670111
369920213
1510381385
6919973896
651520644
3190758907
1687757718
1810903337
7333452379
1043402527
368086579
264097070
610392991
51016392
295280985
2686660060
185784140
516275162
4182565774
4936054607
2259351050
5450765251
209866702
4222100855
280742882
10004394484
3868789840
493657037
4085652556
499110805
4247655439
3141942744
1704861098
