313434669
463234923
243924713
10369031
1099041378
4296533192
585187854
10160055826
14669641
499053951
7446955398
1042140558
468697472
615550710
11458084140
593175293
2319356322
372461187
1276374034
308818335
5706470719
46985254
31803840
1119701450
144645993
308627622
975648945
576646823
1104997276
9263350949
6776096560
3255437456
1911117588
2020931825
8460294208
8899678390
972174506
212030488
465336946
1432951014
402585129
8344269585
1585145964
12242409801
5672386203
7141192426
272961037
6942481460
2180350460
2073047426
2164326152
1597174696
6025359696
